0	1050
1050	0
1	229
229	1
2	229
229	2
3	467
467	3
4	1228
1228	4
5	229
229	5
6	94
94	6
8	971
971	8
8	1620
1620	8
9	63
63	9
10	1056
1056	10
10	1514
1514	10
10	1530
1530	10
10	1701
1701	10
11	935
935	11
12	1877
1877	12
13	330
330	13
14	490
490	14
14	504
504	14
14	537
537	14
14	1056
1056	14
14	1375
1375	14
14	1400
1400	14
14	1651
1651	14
14	1912
1912	14
15	731
731	15
15	806
806	15
15	1133
1133	15
15	1186
1186	15
16	394
394	16
16	504
504	16
16	1400
1400	16
16	1804
1804	16
17	1022
1022	17
18	135
135	18
19	370
370	19
19	627
627	19
19	1645
1645	19
19	1657
1657	19
20	370
370	20
20	627
627	20
20	1225
1225	20
21	1606
1606	21
22	420
420	22
22	1282
1282	22
22	1637
1637	22
23	267
267	23
23	813
813	23
24	594
594	24
25	1347
1347	25
26	123
123	26
26	388
388	26
27	1076
1076	27
28	617
617	28
30	31
31	30
30	82
82	30
30	372
372	30
30	488
488	30
30	553
553	30
30	596
596	30
30	707
707	30
30	748
748	30
30	866
866	30
30	1051
1051	30
30	1057
1057	30
30	1096
1096	30
30	1103
1103	30
30	1352
1352	30
30	1377
1377	30
30	1443
1443	30
30	1498
1498	30
30	1646
1646	30
30	1660
1660	30
30	1674
1674	30
30	1741
1741	30
30	1876
1876	30
30	1987
1987	30
30	2001
2001	30
31	1051
1051	31
32	140
140	32
32	203
203	32
33	688
688	33
33	1987
1987	33
34	577
577	34
35	359
359	35
37	520
520	37
38	889
889	38
39	1221
1221	39
40	1024
1024	40
41	515
515	41
41	1883
1883	41
42	514
514	42
42	1017
1017	42
43	752
752	43
43	1856
1856	43
44	382
382	44
44	511
511	44
44	1292
1292	44
44	1356
1356	44
44	1572
1572	44
44	1910
1910	44
44	1954
1954	44
45	1558
1558	45
46	220
220	46
46	823
823	46
46	1406
1406	46
47	1611
1611	47
47	2006
2006	47
48	1609
1609	48
49	669
669	49
49	1114
1114	49
49	1186
1186	49
50	1131
1131	50
51	574
574	51
52	71
71	52
52	371
371	52
53	2016
2016	53
54	1640
1640	54
55	203
203	55
55	854
854	55
56	995
995	56
56	1244
1244	56
57	357
357	57
58	1560
1560	58
59	310
310	59
59	650
650	59
59	1356
1356	59
59	1629
1629	59
60	1775
1775	60
61	1721
1721	61
62	372
372	62
65	942
942	65
65	1648
1648	65
65	1683
1683	65
65	1727
1727	65
66	304
304	66
67	817
817	67
68	514
514	68
68	1017
1017	68
68	1431
1431	68
68	1892
1892	68
69	1441
1441	69
70	1649
1649	70
71	634
634	71
71	1074
1074	71
71	1651
1651	71
72	785
785	72
72	1415
1415	72
72	1762
1762	72
73	1465
1465	73
74	477
477	74
74	1158
1158	74
76	1012
1012	76
76	1017
1017	76
77	1338
1338	77
78	826
826	78
78	969
969	78
79	1983
1983	79
80	183
183	80
81	295
295	81
82	594
594	82
83	344
344	83
84	1411
1411	84
84	1974
1974	84
85	658
658	85
86	186
186	86
86	414
414	86
86	571
571	86
86	683
683	86
86	739
739	86
86	871
871	86
86	1024
1024	86
86	1034
1034	86
86	1046
1046	86
86	1907
1907	86
87	620
620	87
87	743
743	87
87	1423
1423	87
88	161
161	88
88	330
330	88
88	1447
1447	88
88	1637
1637	88
89	839
839	89
89	1217
1217	89
89	1474
1474	89
90	161
161	90
90	965
965	90
90	1025
1025	90
90	1356
1356	90
90	1637
1637	90
90	1668
1668	90
90	1888
1888	90
91	424
424	91
91	1115
1115	91
92	528
528	92
93	1345
1345	93
93	1750
1750	93
95	1400
1400	95
96	860
860	96
96	871
871	96
96	987
987	96
96	1145
1145	96
96	1494
1494	96
96	1918
1918	96
97	492
492	97
97	520
520	97
97	697
697	97
97	919
919	97
98	194
194	98
98	480
480	98
98	815
815	98
99	708
708	99
100	1339
1339	100
100	1888
1888	100
101	843
843	101
102	1400
1400	102
103	357
357	103
104	1461
1461	104
104	1555
1555	104
105	1017
1017	105
107	714
714	107
108	296
296	108
108	736
736	108
109	229
229	109
109	1789
1789	109
110	119
119	110
110	156
156	110
110	297
297	110
110	604
604	110
110	801
801	110
110	1990
1990	110
111	1447
1447	111
111	1488
1488	111
111	1637
1637	111
112	471
471	112
112	702
702	112
113	1729
1729	113
113	1804
1804	113
114	788
788	114
116	641
641	116
117	594
594	117
118	1931
1931	118
120	1892
1892	120
121	1356
1356	121
122	281
281	122
122	310
310	122
122	777
777	122
124	1376
1376	124
124	1447
1447	124
124	1637
1637	124
124	1888
1888	124
125	611
611	125
125	1400
1400	125
126	161
161	126
126	1279
1279	126
127	1694
1694	127
128	490
490	128
128	1225
1225	128
128	1299
1299	128
128	1514
1514	128
129	1299
1299	129
130	575
575	130
130	716
716	130
130	800
800	130
130	1359
1359	130
131	1497
1497	131
131	1997
1997	131
132	1271
1271	132
132	1953
1953	132
133	749
749	133
134	710
710	134
135	1072
1072	135
136	1431
1431	136
137	1017
1017	137
137	1984
1984	137
138	304
304	138
138	1923
1923	138
139	1420
1420	139
140	942
942	140
140	1400
1400	140
140	1524
1524	140
140	1911
1911	140
141	1190
1190	141
141	1375
1375	141
142	233
233	142
143	528
528	143
144	1305
1305	144
145	161
161	145
145	380
380	145
145	511
511	145
145	713
713	145
145	975
975	145
145	1180
1180	145
145	1356
1356	145
145	1565
1565	145
145	1599
1599	145
145	1668
1668	145
146	241
241	146
146	355
355	146
147	358
358	147
148	1906
1906	148
149	514
514	149
149	1012
1012	149
149	1017
1017	149
151	1017
1017	151
152	223
223	152
152	1299
1299	152
152	1375
1375	152
153	532
532	153
154	1201
1201	154
155	528
528	155
156	1356
1356	156
156	1637
1637	156
157	1511
1511	157
158	510
510	158
158	1235
1235	158
159	985
985	159
160	427
427	160
160	620
620	160
160	838
838	160
160	1483
1483	160
160	1606
1606	160
161	178
178	161
161	193
193	161
161	344
344	161
161	372
372	161
161	434
434	161
161	595
595	161
161	654
654	161
161	684
684	161
161	794
794	161
161	862
862	161
161	876
876	161
161	906
906	161
161	917
917	161
161	918
918	161
161	919
919	161
161	973
973	161
161	1068
1068	161
161	1084
1084	161
161	1088
1088	161
161	1198
1198	161
161	1249
1249	161
161	1293
1293	161
161	1339
1339	161
161	1406
1406	161
161	1439
1439	161
161	1477
1477	161
161	1506
1506	161
161	1592
1592	161
161	1654
1654	161
161	1747
1747	161
161	1776
1776	161
161	1780
1780	161
161	1809
1809	161
161	1833
1833	161
161	1883
1883	161
161	1887
1887	161
161	1890
1890	161
161	1987
1987	161
162	1861
1861	162
163	435
435	163
163	599
599	163
163	983
983	163
163	1224
1224	163
163	1400
1400	163
163	1549
1549	163
163	1593
1593	163
163	1901
1901	163
163	1944
1944	163
164	310
310	164
164	488
488	164
165	1342
1342	165
165	1552
1552	165
166	594
594	166
167	381
381	167
168	1786
1786	168
169	295
295	169
169	1667
1667	169
170	329
329	170
170	1435
1435	170
171	859
859	171
172	1904
1904	172
173	401
401	173
174	436
436	174
174	437
437	174
175	436
436	175
175	528
528	175
175	634
634	175
176	1892
1892	176
177	1228
1228	177
178	212
212	178
178	817
817	178
178	896
896	178
178	1166
1166	178
178	1356
1356	178
178	1441
1441	178
178	1637
1637	178
178	1668
1668	178
178	1737
1737	178
178	1739
1739	178
178	1753
1753	178
178	1888
1888	178
179	569
569	179
180	344
344	180
180	1380
1380	180
180	1400
1400	180
181	1186
1186	181
181	1726
1726	181
182	1518
1518	182
183	530
530	183
183	1460
1460	183
183	1637
1637	183
184	711
711	184
185	1628
1628	185
186	683
683	186
186	739
739	186
187	298
298	187
187	389
389	187
187	971
971	187
187	1081
1081	187
187	1621
1621	187
187	1763
1763	187
188	741
741	188
188	1819
1819	188
189	1400
1400	189
190	515
515	190
190	908
908	190
190	1883
1883	190
191	344
344	191
193	278
278	193
193	301
301	193
193	1234
1234	193
193	1501
1501	193
193	1876
1876	193
194	480
480	194
194	611
611	194
194	1547
1547	194
195	1628
1628	195
196	1356
1356	196
197	557
557	197
197	988
988	197
197	1159
1159	197
198	514
514	198
199	238
238	199
200	1499
1499	200
201	1655
1655	201
202	1727
1727	202
204	920
920	204
205	723
723	205
206	1853
1853	206
207	238
238	207
208	632
632	208
209	667
667	209
209	1821
1821	209
210	821
821	210
211	486
486	211
211	1073
1073	211
212	896
896	212
212	1190
1190	212
213	487
487	213
213	1745
1745	213
213	1997
1997	213
214	1441
1441	214
215	691
691	215
215	1789
1789	215
216	1789
1789	216
217	1012
1012	217
217	1017
1017	217
217	1613
1613	217
218	817
817	218
218	1266
1266	218
219	1637
1637	219
220	289
289	220
220	306
306	220
220	1059
1059	220
221	575
575	221
221	1756
1756	221
222	223
223	222
222	504
504	222
223	262
262	223
223	354
354	223
223	501
501	223
223	595
595	223
223	606
606	223
223	620
620	223
223	733
733	223
223	822
822	223
223	996
996	223
223	1055
1055	223
223	1218
1218	223
223	1225
1225	223
223	1235
1235	223
223	1356
1356	223
223	1671
1671	223
223	1712
1712	223
223	1826
1826	223
223	1831
1831	223
224	1242
1242	224
225	1833
1833	225
226	474
474	226
227	1608
1608	227
229	422
422	229
229	564
564	229
229	757
757	229
229	790
790	229
229	816
816	229
229	927
927	229
229	1020
1020	229
229	1043
1043	229
229	1063
1063	229
229	1493
1493	229
229	1520
1520	229
229	1633
1633	229
229	1879
1879	229
229	1942
1942	229
229	1948
1948	229
229	1962
1962	229
230	286
286	230
230	1501
1501	230
231	598
598	231
231	722
722	231
231	1283
1283	231
232	939
939	232
232	1441
1441	232
233	396
396	233
234	548
548	234
235	393
393	235
235	670
670	235
235	894
894	235
235	932
932	235
235	1001
1001	235
235	1037
1037	235
235	1855
1855	235
236	528
528	236
236	609
609	236
236	1125
1125	236
236	1510
1510	236
237	1017
1017	237
237	1847
1847	237
238	299
299	238
238	548
548	238
238	673
673	238
238	798
798	238
238	1048
1048	238
238	1165
1165	238
238	1699
1699	238
238	1752
1752	238
239	389
389	239
240	1946
1946	240
242	342
342	242
243	1872
1872	243
244	1386
1386	244
245	789
789	245
246	830
830	246
247	528
528	247
248	1534
1534	248
249	1034
1034	249
249	1293
1293	249
249	1883
1883	249
250	476
476	250
250	1905
1905	250
251	528
528	251
252	805
805	252
252	845
845	252
252	1288
1288	252
252	1488
1488	252
252	1525
1525	252
253	736
736	253
254	1334
1334	254
254	1392
1392	254
254	1545
1545	254
254	1695
1695	254
255	404
404	255
255	563
563	255
255	638
638	255
255	864
864	255
255	1629
1629	255
256	1431
1431	256
257	610
610	257
258	1293
1293	258
259	842
842	259
259	1374
1374	259
259	1977
1977	259
260	528
528	260
260	589
589	260
260	713
713	260
260	1215
1215	260
261	1432
1432	261
261	1522
1522	261
262	425
425	262
262	1369
1369	262
262	1421
1421	262
262	1574
1574	262
262	1958
1958	262
263	1156
1156	263
263	1228
1228	263
263	1519
1519	263
264	1191
1191	264
265	541
541	265
266	788
788	266
267	279
279	267
267	449
449	267
267	529
529	267
267	533
533	267
267	570
570	267
267	623
623	267
267	723
723	267
267	770
770	267
267	835
835	267
267	871
871	267
267	900
900	267
267	925
925	267
267	944
944	267
267	971
971	267
267	999
999	267
267	1069
1069	267
267	1199
1199	267
267	1247
1247	267
267	1360
1360	267
267	1462
1462	267
267	1625
1625	267
267	1639
1639	267
267	1703
1703	267
267	1711
1711	267
267	1737
1737	267
267	1740
1740	267
267	1801
1801	267
267	1973
1973	267
268	1950
1950	268
269	1714
1714	269
270	1441
1441	270
271	718
718	271
271	1585
1585	271
272	1154
1154	272
272	1773
1773	272
273	823
823	273
274	1027
1027	274
275	378
378	275
275	1238
1238	275
276	1483
1483	276
277	1359
1359	277
278	372
372	278
278	1498
1498	278
280	876
876	280
281	310
310	281
281	650
650	281
281	709
709	281
281	1495
1495	281
281	1629
1629	281
282	391
391	282
283	1148
1148	283
283	1354
1354	283
283	1374
1374	283
284	1347
1347	284
284	1744
1744	284
285	1228
1228	285
287	920
920	287
287	1480
1480	287
287	1961
1961	287
288	1335
1335	288
289	723
723	289
290	367
367	290
290	1356
1356	290
291	1178
1178	291
292	1125
1125	292
293	1286
1286	293
294	1223
1223	294
295	1665
1665	295
296	635
635	296
296	679
679	296
296	730
730	296
296	993
993	296
296	1543
1543	296
297	1901
1901	297
299	544
544	299
299	830
830	299
299	1750
1750	299
300	1782
1782	300
301	372
372	301
301	689
689	301
301	1592
1592	301
302	765
765	302
302	1148
1148	302
303	584
584	303
303	1676
1676	303
305	594
594	305
307	1228
1228	307
308	1480
1480	308
308	1961
1961	308
309	515
515	309
309	989
989	309
309	1320
1320	309
309	1883
1883	309
310	650
650	310
310	1560
1560	310
311	986
986	311
311	1325
1325	311
312	780
780	312
312	1862
1862	312
312	1901
1901	312
313	610
610	313
314	407
407	314
315	528
528	315
315	905
905	315
315	1315
1315	315
315	1618
1618	315
316	1258
1258	316
317	750
750	317
318	527
527	318
318	1892
1892	318
319	1403
1403	319
319	1963
1963	319
320	1479
1479	320
321	920
920	321
322	686
686	322
323	363
363	323
324	587
587	324
325	610
610	325
325	740
740	325
325	827
827	325
325	1068
1068	325
325	1241
1241	325
325	1741
1741	325
325	1848
1848	325
325	1987
1987	325
325	2013
2013	325
326	1266
1266	326
327	1637
1637	327
328	1995
1995	328
330	392
392	330
330	401
401	330
330	441
441	330
330	532
532	330
330	723
723	330
330	863
863	330
330	945
945	330
330	1186
1186	330
330	1225
1225	330
330	1289
1289	330
330	1293
1293	330
330	1400
1400	330
330	1439
1439	330
330	1686
1686	330
330	1730
1730	330
330	1841
1841	330
330	1847
1847	330
330	1866
1866	330
330	1883
1883	330
330	1888
1888	330
330	1901
1901	330
330	1944
1944	330
331	1146
1146	331
332	1349
1349	332
333	1228
1228	333
334	360
360	334
335	594
594	335
336	1125
1125	336
337	520
520	337
337	1992
1992	337
338	457
457	338
338	693
693	338
338	803
803	338
338	1226
1226	338
339	371
371	339
340	1686
1686	340
341	1400
1400	341
342	377
377	342
343	644
644	343
344	1356
1356	344
345	583
583	345
345	803
803	345
346	723
723	346
346	1195
1195	346
346	1391
1391	346
347	361
361	347
348	504
504	348
348	989
989	348
350	1356
1356	350
351	1400
1400	351
352	1653
1653	352
353	1979
1979	353
355	384
384	355
355	1225
1225	355
356	638
638	356
358	1448
1448	358
359	572
572	359
360	600
600	360
362	872
872	362
362	996
996	362
362	1050
1050	362
363	1267
1267	363
364	716
716	364
364	728
728	364
364	740
740	364
365	1400
1400	365
366	1972
1972	366
368	1322
1322	368
369	700
700	369
370	697
697	370
370	745
745	370
371	1203
1203	371
371	1316
1316	371
371	1591
1591	371
371	1948
1948	371
372	514
514	372
372	603
603	372
372	829
829	372
372	846
846	372
372	914
914	372
372	1054
1054	372
372	1149
1149	372
372	1295
1295	372
372	1390
1390	372
372	1431
1431	372
372	1466
1466	372
372	1478
1478	372
372	1501
1501	372
372	1637
1637	372
372	1638
1638	372
372	1641
1641	372
372	1674
1674	372
372	1781
1781	372
372	1876
1876	372
372	1892
1892	372
372	1893
1893	372
372	1894
1894	372
372	1907
1907	372
372	1934
1934	372
372	2008
2008	372
373	594
594	373
374	926
926	374
375	1497
1497	375
376	850
850	376
378	797
797	378
379	1195
1195	379
381	1037
1037	381
382	1726
1726	382
383	1441
1441	383
383	1735
1735	383
385	1325
1325	385
386	636
636	386
386	873
873	386
386	941
941	386
386	1088
1088	386
386	1130
1130	386
386	1874
1874	386
387	1204
1204	387
387	1400
1400	387
388	995
995	388
388	1698
1698	388
389	723
723	389
389	852
852	389
389	936
936	389
389	998
998	389
389	1506
1506	389
390	1388
1388	390
391	463
463	391
391	1441
1441	391
392	528
528	392
392	671
671	392
392	1151
1151	392
392	1604
1604	392
394	828
828	394
395	1400
1400	395
397	1403
1403	397
397	1424
1424	397
397	1468
1468	397
398	504
504	398
398	528
528	398
398	1727
1727	398
399	1486
1486	399
399	1487
1487	399
400	528
528	400
400	959
959	400
400	1242
1242	400
400	1424
1424	400
400	1637
1637	400
400	1981
1981	400
401	504
504	401
401	1400
1400	401
402	1979
1979	402
403	1231
1231	403
403	1479
1479	403
405	1276
1276	405
406	1940
1940	406
407	594
594	407
408	594
594	408
409	723
723	409
410	1490
1490	410
410	1620
1620	410
411	993
993	411
411	1226
1226	411
411	1239
1239	411
411	1637
1637	411
412	1125
1125	412
413	1696
1696	413
414	580
580	414
414	1025
1025	414
414	1750
1750	414
414	1767
1767	414
415	1726
1726	415
415	1855
1855	415
416	1334
1334	416
417	1277
1277	417
417	1833
1833	417
417	1883
1883	417
418	1025
1025	418
418	1532
1532	418
418	1717
1717	418
418	1941
1941	418
419	1222
1222	419
419	1920
1920	419
421	1121
1121	421
423	1228
1228	423
424	1115
1115	424
424	1488
1488	424
424	1590
1590	424
424	1907
1907	424
425	1834
1834	425
426	484
484	426
428	1400
1400	428
430	586
586	430
430	1439
1439	430
430	1592
1592	430
431	1079
1079	431
432	814
814	432
433	1197
1197	433
434	723
723	434
434	1356
1356	434
434	1484
1484	434
434	1637
1637	434
434	1888
1888	434
435	451
451	435
435	735
735	435
435	783
783	435
435	997
997	435
435	1179
1179	435
435	1400
1400	435
435	1412
1412	435
435	1604
1604	435
436	437
437	436
438	930
930	438
438	1628
1628	438
438	1778
1778	438
439	923
923	439
440	1789
1789	440
441	672
672	441
441	1441
1441	441
442	1412
1412	442
443	1308
1308	443
444	514
514	444
444	1017
1017	444
444	1613
1613	444
444	1892
1892	444
444	1972
1972	444
445	1199
1199	445
445	1525
1525	445
446	611
611	446
446	1386
1386	446
446	1883
1883	446
447	613
613	447
450	716
716	450
450	1441
1441	450
450	1745
1745	450
450	1804
1804	450
451	806
806	451
451	1160
1160	451
451	1186
1186	451
451	1355
1355	451
451	1400
1400	451
451	1564
1564	451
451	1726
1726	451
452	1994
1994	452
453	1906
1906	453
454	1422
1422	454
455	1134
1134	455
455	1345
1345	455
455	1368
1368	455
455	1773
1773	455
456	1637
1637	456
457	1239
1239	457
459	705
705	459
460	565
565	460
460	983
983	460
461	636
636	461
461	965
965	461
461	1347
1347	461
461	1378
1378	461
461	1381
1381	461
461	1402
1402	461
461	1454
1454	461
461	1554
1554	461
462	528
528	462
462	863
863	462
462	1243
1243	462
462	1744
1744	462
463	1357
1357	463
464	1566
1566	464
465	798
798	465
465	842
842	465
465	915
915	465
466	698
698	466
466	1400
1400	466
466	2012
2012	466
467	595
595	467
467	695
695	467
467	890
890	467
467	1112
1112	467
467	1477
1477	467
467	1902
1902	467
467	1930
1930	467
468	1123
1123	468
469	1258
1258	469
470	592
592	470
472	723
723	472
472	1661
1661	472
473	1400
1400	473
473	1701
1701	473
474	1009
1009	474
475	621
621	475
475	1406
1406	475
478	1364
1364	478
478	1441
1441	478
478	1637
1637	478
479	1584
1584	479
479	1990
1990	479
480	692
692	480
480	701
701	480
480	735
735	480
480	1606
1606	480
480	1807
1807	480
480	1889
1889	480
481	1125
1125	481
482	848
848	482
482	1785
1785	482
483	626
626	483
484	1505
1505	484
487	716
716	487
487	1804
1804	487
488	514
514	488
488	1023
1023	488
488	1431
1431	488
489	1990
1990	489
490	811
811	490
490	837
837	490
490	871
871	490
490	945
945	490
490	1108
1108	490
490	1185
1185	490
491	508
508	491
493	920
920	493
494	556
556	494
494	1488
1488	494
495	519
519	495
496	728
728	496
496	740
740	496
496	1027
1027	496
496	1132
1132	496
497	1356
1356	497
498	638
638	498
498	1521
1521	498
498	1858
1858	498
498	1895
1895	498
499	1892
1892	499
500	1012
1012	500
502	1427
1427	502
503	528
528	503
504	571
571	504
504	817
817	504
504	837
837	504
504	857
857	504
504	859
859	504
504	871
871	504
504	890
890	504
504	1021
1021	504
504	1034
1034	504
504	1089
1089	504
504	1401
1401	504
504	1438
1438	504
504	1572
1572	504
504	1889
1889	504
504	1900
1900	504
504	1907
1907	504
504	2007
2007	504
505	963
963	505
505	1430
1430	505
505	1637
1637	505
506	1359
1359	506
507	1957
1957	507
508	558
558	508
509	902
902	509
509	1270
1270	509
509	1403
1403	509
510	1235
1235	510
511	1400
1400	511
511	1651
1651	511
511	1872
1872	511
511	2010
2010	511
512	514
514	512
512	952
952	512
512	1017
1017	512
512	1023
1023	512
513	580
580	513
513	711
711	513
513	742
742	513
514	553
553	514
514	596
596	514
514	689
689	514
514	694
694	514
514	707
707	514
514	820
820	514
514	866
866	514
514	881
881	514
514	1051
1051	514
514	1057
1057	514
514	1062
1062	514
514	1079
1079	514
514	1251
1251	514
514	1280
1280	514
514	1348
1348	514
514	1369
1369	514
514	1377
1377	514
514	1443
1443	514
514	1471
1471	514
514	1478
1478	514
514	1498
1498	514
514	1660
1660	514
514	1706
1706	514
514	1708
1708	514
514	1722
1722	514
514	1864
1864	514
514	1876
1876	514
514	1987
1987	514
514	2001
2001	514
515	773
773	515
515	899
899	515
515	908
908	515
515	922
922	515
515	1034
1034	515
515	1089
1089	515
515	1208
1208	515
515	1356
1356	515
515	1637
1637	515
515	1883
1883	515
516	681
681	516
516	1830
1830	516
517	1318
1318	517
518	1637
1637	518
519	926
926	519
519	1919
1919	519
520	669
669	520
520	1041
1041	520
520	1434
1434	520
520	1889
1889	520
521	793
793	521
521	951
951	521
521	1018
1018	521
521	1418
1418	521
522	1023
1023	522
523	1317
1317	523
523	1902
1902	523
524	1192
1192	524
525	1040
1040	525
526	713
713	526
528	584
584	528
528	648
648	528
528	651
651	528
528	680
680	528
528	758
758	528
528	929
929	528
528	948
948	528
528	1050
1050	528
528	1121
1121	528
528	1161
1161	528
528	1167
1167	528
528	1213
1213	528
528	1344
1344	528
528	1359
1359	528
528	1370
1370	528
528	1373
1373	528
528	1377
1377	528
528	1428
1428	528
528	1510
1510	528
528	1541
1541	528
528	1548
1548	528
528	1582
1582	528
528	1591
1591	528
528	1600
1600	528
528	1602
1602	528
528	1637
1637	528
528	1714
1714	528
528	1760
1760	528
528	1794
1794	528
528	1904
1904	528
531	919
919	531
532	859
859	532
532	1055
1055	532
532	1104
1104	532
532	1225
1225	532
532	1356
1356	532
532	1738
1738	532
534	1813
1813	534
535	920
920	535
537	659
659	537
537	993
993	537
537	1278
1278	537
538	1637
1637	538
539	1275
1275	539
540	698
698	540
540	1601
1601	540
541	933
933	541
541	1881
1881	541
542	1356
1356	542
543	1125
1125	543
544	605
605	544
544	1345
1345	544
544	1616
1616	544
544	1750
1750	544
544	1802
1802	544
546	1789
1789	546
549	1690
1690	549
550	895
895	550
551	904
904	551
552	1107
1107	552
553	1017
1017	553
553	1892
1892	553
554	1801
1801	554
555	773
773	555
555	1540
1540	555
556	806
806	556
556	1804
1804	556
557	1760
1760	557
557	1965
1965	557
559	1254
1254	559
559	1869
1869	559
560	1433
1433	560
561	1793
1793	561
561	1944
1944	561
562	1447
1447	562
562	1637
1637	562
568	591
591	568
568	1293
1293	568
569	693
693	569
571	1159
1159	571
571	1512
1512	571
573	1377
1377	573
574	1985
1985	574
575	901
901	575
575	1190
1190	575
575	1420
1420	575
575	1668
1668	575
576	1356
1356	576
576	1917
1917	576
578	1090
1090	578
578	1329
1329	578
579	2008
2008	579
580	711
711	580
581	1428
1428	581
582	696
696	582
583	643
643	583
584	793
793	584
584	1161
1161	584
584	1714
1714	584
585	1034
1034	585
585	1622
1622	585
586	723
723	586
586	1439
1439	586
587	1045
1045	587
587	1321
1321	587
587	1878
1878	587
588	1927
1927	588
590	1637
1637	590
592	1003
1003	592
592	1323
1323	592
593	1628
1628	593
594	973
973	594
594	1488
1488	594
594	1595
1595	594
594	1844
1844	594
594	1939
1939	594
594	1991
1991	594
594	1993
1993	594
595	1356
1356	595
595	1569
1569	595
595	1798
1798	595
595	1888
1888	595
596	1012
1012	596
596	1017
1017	596
596	1394
1394	596
597	1116
1116	597
597	1213
1213	597
598	1283
1283	598
598	1400
1400	598
600	1929
1929	600
601	920
920	601
602	1205
1205	602
602	1721
1721	602
602	1724
1724	602
603	1498
1498	603
604	638
638	604
605	1025
1025	605
605	1522
1522	605
607	1488
1488	607
608	1406
1406	608
610	1501
1501	610
610	1674
1674	610
611	863
863	611
611	928
928	611
611	1024
1024	611
611	1312
1312	611
611	1356
1356	611
611	1389
1389	611
611	1553
1553	611
611	1559
1559	611
611	1575
1575	611
611	1846
1846	611
611	1867
1867	611
612	950
950	612
612	1872
1872	612
613	1400
1400	613
614	1318
1318	614
614	2007
2007	614
615	1441
1441	615
616	1255
1255	616
616	1405
1405	616
617	1652
1652	617
618	942
942	618
619	1145
1145	619
620	980
980	620
620	1356
1356	620
620	1483
1483	620
621	1059
1059	621
621	1406
1406	621
621	1624
1624	621
622	1514
1514	622
624	1700
1700	624
625	806
806	625
627	860
860	627
628	1203
1203	628
628	1316
1316	628
629	983
983	629
630	680
680	630
630	696
696	630
630	1883
1883	630
631	1195
1195	631
633	1883
1883	633
637	1356
1356	637
637	1441
1441	637
637	1560
1560	637
637	1637
1637	637
637	1966
1966	637
638	1720
1720	638
638	1859
1859	638
639	919
919	639
639	1225
1225	639
639	1797
1797	639
640	920
920	640
641	1323
1323	641
642	909
909	642
644	1966
1966	644
645	1006
1006	645
645	1148
1148	645
645	1715
1715	645
646	1827
1827	646
647	1590
1590	647
647	1861
1861	647
648	676
676	648
648	1356
1356	648
648	1504
1504	648
648	1623
1623	648
648	1637
1637	648
648	1841
1841	648
649	766
766	649
652	1204
1204	652
653	1640
1640	653
654	655
655	654
654	1506
1506	654
654	1507
1507	654
654	1577
1577	654
654	1637
1637	654
654	1678
1678	654
654	1679
1679	654
654	1888
1888	654
655	1506
1506	655
655	1507
1507	655
655	1678
1678	655
656	1637
1637	656
657	806
806	657
657	1429
1429	657
657	1522
1522	657
659	1481
1481	659
659	1490
1490	659
659	1745
1745	659
659	1782
1782	659
659	1962
1962	659
660	1064
1064	660
660	1342
1342	660
661	2014
2014	661
662	735
735	662
662	863
863	662
662	1176
1176	662
662	1606
1606	662
662	1765
1765	662
662	2005
2005	662
663	1023
1023	663
664	1653
1653	664
666	1125
1125	666
667	1472
1472	667
667	1503
1503	667
668	2002
2002	668
669	1959
1959	669
670	1261
1261	670
670	1637
1637	670
671	1767
1767	671
672	1141
1141	672
674	687
687	674
674	848
848	674
676	1365
1365	676
677	785
785	677
678	1742
1742	678
679	1742
1742	679
682	950
950	682
684	1637
1637	684
684	1888
1888	684
685	1447
1447	685
685	1637
1637	685
686	1494
1494	686
686	1558
1558	686
688	1426
1426	688
689	829
829	689
689	1431
1431	689
689	1501
1501	689
689	1674
1674	689
689	1769
1769	689
689	1876
1876	689
689	2008
2008	689
690	1017
1017	690
691	1274
1274	691
692	1744
1744	692
693	803
803	693
693	1226
1226	693
697	843
843	697
697	1008
1008	697
698	803
803	698
699	1400
1400	699
701	1401
1401	701
701	1614
1614	701
701	1751
1751	701
703	1171
1171	703
704	1159
1159	704
705	1711
1711	705
706	1021
1021	706
707	1017
1017	707
710	1549
1549	710
710	1552
1552	710
710	1816
1816	710
711	742
742	711
711	1056
1056	711
711	1356
1356	711
711	1627
1627	711
711	1911
1911	711
712	1025
1025	712
713	975
975	713
713	979
979	713
713	1224
1224	713
713	1316
1316	713
713	1324
1324	713
713	1552
1552	713
713	1580
1580	713
713	1739
1739	713
714	1159
1159	714
714	1666
1666	714
715	1915
1915	715
716	1400
1400	716
716	1745
1745	716
716	1767
1767	716
716	1789
1789	716
716	1804
1804	716
716	2004
2004	716
717	1937
1937	717
718	1878
1878	718
719	1233
1233	719
720	1497
1497	720
721	1659
1659	721
721	1982
1982	721
722	1855
1855	722
723	1013
1013	723
723	1356
1356	723
723	1556
1556	723
723	1592
1592	723
723	1601
1601	723
723	1732
1732	723
723	1748
1748	723
723	1806
1806	723
723	1982
1982	723
724	760
760	724
724	1789
1789	724
725	1156
1156	725
726	1186
1186	726
726	1726
1726	726
726	1727
1727	726
727	1297
1297	727
728	740
740	728
729	1070
1070	729
729	1219
1219	729
729	1256
1256	729
729	1419
1419	729
729	1637
1637	729
729	1813
1813	729
729	1816
1816	729
730	1488
1488	730
731	805
805	731
731	1590
1590	731
731	1601
1601	731
732	1004
1004	732
733	1114
1114	733
733	1356
1356	733
733	1410
1410	733
733	1637
1637	733
734	2015
2015	734
735	830
830	735
735	854
854	735
735	937
937	735
735	943
943	735
735	989
989	735
735	1531
1531	735
735	1618
1618	735
735	1873
1873	735
735	1883
1883	735
736	743
743	736
736	1439
1439	736
737	920
920	737
737	1255
1255	737
737	1405
1405	737
738	1382
1382	738
738	1465
1465	738
740	1893
1893	740
741	994
994	741
743	1464
1464	743
744	1405
1405	744
745	1283
1283	745
746	1447
1447	746
746	1637
1637	746
747	1449
1449	747
748	920
920	748
748	1012
1012	748
748	1017
1017	748
748	1892
1892	748
748	1972
1972	748
749	1022
1022	749
749	1025
1025	749
749	1077
1077	749
749	1087
1087	749
749	1530
1530	749
749	1771
1771	749
749	1961
1961	749
750	1188
1188	750
750	1799
1799	750
751	1311
1311	751
752	819
819	752
752	1298
1298	752
752	1400
1400	752
752	1767
1767	752
752	1856
1856	752
753	1357
1357	753
753	1637
1637	753
753	1653
1653	753
753	1808
1808	753
754	1228
1228	754
755	1246
1246	755
756	1385
1385	756
758	1290
1290	758
758	1410
1410	758
758	1496
1496	758
758	1510
1510	758
758	1759
1759	758
759	1356
1356	759
760	776
776	760
760	953
953	760
760	1764
1764	760
761	1744
1744	761
762	1958
1958	762
763	1370
1370	763
763	1407
1407	763
763	1637
1637	763
764	1152
1152	764
765	993
993	765
765	1022
1022	765
765	1025
1025	765
765	1932
1932	765
766	1289
1289	766
766	1393
1393	766
767	902
902	767
768	918
918	768
768	976
976	768
768	1184
1184	768
768	1356
1356	768
768	1637
1637	768
768	1897
1897	768
769	793
793	769
769	1872
1872	769
771	1401
1401	771
772	1017
1017	772
772	1431
1431	772
773	908
908	773
773	1883
1883	773
775	1653
1653	775
776	1225
1225	776
777	1936
1936	777
778	865
865	778
779	986
986	779
779	1154
1154	779
780	815
815	780
780	1297
1297	780
780	1593
1593	780
780	1777
1777	780
780	1826
1826	780
781	1386
1386	781
782	1457
1457	782
784	1738
1738	784
786	1034
1034	786
787	1206
1206	787
788	1441
1441	788
791	806
806	791
792	1356
1356	792
793	1195
1195	793
793	1872
1872	793
794	1356
1356	794
794	1701
1701	794
795	985
985	795
798	1055
1055	798
798	1162
1162	798
798	1176
1176	798
798	1460
1460	798
798	1488
1488	798
798	1940
1940	798
799	878
878	799
802	920
920	802
803	993
993	803
803	1226
1226	803
803	1400
1400	803
803	1401
1401	803
804	1653
1653	804
805	1029
1029	805
805	1173
1173	805
805	1400
1400	805
805	1549
1549	805
806	871
871	806
806	993
993	806
806	1356
1356	806
806	1400
1400	806
806	1479
1479	806
806	1601
1601	806
806	1689
1689	806
806	1796
1796	806
806	1854
1854	806
806	1889
1889	806
806	1982
1982	806
806	2015
2015	806
806	2016
2016	806
807	1017
1017	807
808	1275
1275	808
808	1460
1460	808
809	1190
1190	809
810	1478
1478	810
812	849
849	812
812	1892
1892	812
814	1095
1095	814
815	1637
1637	815
815	1807
1807	815
817	1139
1139	817
817	1401
1401	817
817	1477
1477	817
818	967
967	818
818	1356
1356	818
818	1637
1637	818
819	1441
1441	819
820	1635
1635	820
823	1375
1375	823
824	1171
1171	824
825	1217
1217	825
827	1660
1660	827
827	1893
1893	827
829	1422
1422	829
829	1498
1498	829
829	1592
1592	829
829	1660
1660	829
830	845
845	830
830	922
922	830
830	1687
1687	830
831	1364
1364	831
832	1819
1819	832
832	1820
1820	832
833	1873
1873	833
834	1758
1758	834
836	1637
1637	836
837	1225
1225	837
837	1713
1713	837
840	988
988	840
840	1204
1204	840
840	1391
1391	840
840	1673
1673	840
841	1573
1573	841
842	1177
1177	842
843	1785
1785	843
844	929
929	844
845	1196
1196	845
845	1420
1420	845
845	1488
1488	845
845	1514
1514	845
845	1750
1750	845
846	1774
1774	846
847	1246
1246	847
849	1024
1024	849
849	1423
1423	849
849	1748
1748	849
849	1878
1878	849
849	1964
1964	849
851	935
935	851
852	1556
1556	852
853	1537
1537	853
854	980
980	854
854	1252
1252	854
854	1581
1581	854
854	1889
1889	854
855	1225
1225	855
855	1848
1848	855
856	1002
1002	856
856	1922
1922	856
858	2015
2015	858
859	1400
1400	859
859	1639
1639	859
859	1833
1833	859
859	1866
1866	859
861	1497
1497	861
862	1304
1304	862
862	1356
1356	862
862	1569
1569	862
862	1637
1637	862
862	1943
1943	862
863	889
889	863
863	1324
1324	863
863	1765
1765	863
863	1787
1787	863
863	1793
1793	863
863	1883
1883	863
867	1497
1497	867
868	876
876	868
869	1681
1681	869
869	1682
1682	869
870	1079
1079	870
870	1150
1150	870
870	1567
1567	870
870	1817
1817	870
870	1892
1892	870
871	1056
1056	871
871	1400
1400	871
871	1833
1833	871
871	1944
1944	871
872	1281
1281	872
872	1383
1383	872
872	1582
1582	872
873	1356
1356	873
873	1572
1572	873
873	1637
1637	873
874	1205
1205	874
875	1441
1441	875
876	1356
1356	876
876	1510
1510	876
876	1614
1614	876
876	1637
1637	876
876	1668
1668	876
876	1718
1718	876
876	1888
1888	876
877	1194
1194	877
877	1959
1959	877
879	1407
1407	879
880	1032
1032	880
881	1892
1892	881
882	1431
1431	882
883	1510
1510	883
884	1788
1788	884
885	1855
1855	885
886	1814
1814	886
887	1857
1857	887
888	946
946	888
889	1337
1337	889
889	1552
1552	889
890	1760
1760	890
891	1447
1447	891
891	1637
1637	891
892	1017
1017	892
892	1125
1125	892
893	1909
1909	893
897	1990
1990	897
898	1079
1079	898
900	1125
1125	900
902	1412
1412	902
902	1875
1875	902
902	1982
1982	902
903	1994
1994	903
904	1105
1105	904
904	1888
1888	904
905	1618
1618	905
905	1930
1930	905
907	1501
1501	907
908	1883
1883	908
910	1728
1728	910
911	1017
1017	911
912	1106
1106	912
912	2011
2011	912
913	1208
1208	913
913	1854
1854	913
914	1592
1592	914
916	1121
1121	916
917	957
957	917
917	1356
1356	917
917	1466
1466	917
917	1888
1888	917
918	1356
1356	918
918	1637
1637	918
919	1025
1025	919
919	1186
1186	919
919	1273
1273	919
919	1356
1356	919
919	1447
1447	919
919	1569
1569	919
919	1627
1627	919
919	1637
1637	919
919	1647
1647	919
919	1726
1726	919
919	1904
1904	919
919	1927
1927	919
920	992
992	920
920	1047
1047	920
920	1078
1078	920
920	1086
1086	920
920	1296
1296	920
920	1400
1400	920
920	1604
1604	920
920	1606
1606	920
920	1711
1711	920
920	1769
1769	920
921	1329
1329	921
921	1815
1815	921
922	1883
1883	922
923	991
991	923
924	1017
1017	924
924	1892
1892	924
925	1686
1686	925
925	2015
2015	925
926	1091
1091	926
926	1564
1564	926
926	1888
1888	926
926	1919
1919	926
927	1125
1125	927
929	1506
1506	929
932	1017
1017	932
934	1094
1094	934
935	1137
1137	935
935	1414
1414	935
935	1530
1530	935
935	1767
1767	935
936	998
998	936
937	980
980	937
937	989
989	937
937	1889
1889	937
938	1413
1413	938
938	1901
1901	938
939	1021
1021	939
939	1400
1400	939
939	1446
1446	939
939	1590
1590	939
940	1181
1181	940
942	1259
1259	942
942	1683
1683	942
946	956
956	946
946	1475
1475	946
946	1929
1929	946
947	1571
1571	947
948	1306
1306	948
948	1880
1880	948
949	1400
1400	949
952	1017
1017	952
952	1892
1892	952
954	1637
1637	954
955	1744
1744	955
956	1785
1785	956
958	1535
1535	958
960	1872
1872	960
961	1969
1969	961
962	1075
1075	962
962	1202
1202	962
962	1911
1911	962
962	1928
1928	962
963	1017
1017	963
964	1805
1805	964
965	1140
1140	965
965	1453
1453	965
966	1321
1321	966
966	1878
1878	966
968	1927
1927	968
970	1153
1153	970
971	1056
1056	971
971	1125
1125	971
971	1366
1366	971
972	1872
1872	972
973	1356
1356	973
973	1671
1671	973
974	1399
1399	974
975	1400
1400	975
977	1400
1400	977
978	1023
1023	978
979	1400
1400	979
980	1324
1324	980
981	1209
1209	981
982	1618
1618	982
983	1192
1192	983
983	1400
1400	983
983	1496
1496	983
983	1593
1593	983
983	1885
1885	983
984	1883
1883	984
985	1631
1631	985
986	1176
1176	986
986	1186
1186	986
986	1339
1339	986
986	1514
1514	986
986	1742
1742	986
986	2011
2011	986
988	1612
1612	988
989	1025
1025	989
989	1878
1878	989
990	1017
1017	990
992	1366
1366	992
992	1367
1367	992
992	1383
1383	992
993	1400
1400	993
993	1724
1724	993
993	1804
1804	993
993	1919
1919	993
993	1946
1946	993
995	1302
1302	995
996	1056
1056	996
996	1400
1400	996
997	1249
1249	997
997	1342
1342	997
997	1400
1400	997
997	1582
1582	997
997	1651
1651	997
997	1673
1673	997
1000	1915
1915	1000
1005	1375
1375	1005
1006	1631
1631	1006
1007	1400
1400	1007
1010	1034
1034	1010
1012	1057
1057	1012
1012	1348
1348	1012
1012	1443
1443	1012
1012	1613
1613	1012
1012	1646
1646	1012
1012	1660
1660	1012
1012	1692
1692	1012
1012	1740
1740	1012
1012	1884
1884	1012
1012	2001
2001	1012
1012	2008
2008	1012
1013	1793
1793	1013
1014	1356
1356	1014
1016	1330
1330	1016
1016	1375
1375	1016
1017	1051
1051	1017
1017	1057
1057	1017
1017	1079
1079	1017
1017	1093
1093	1017
1017	1118
1118	1017
1017	1120
1120	1017
1017	1135
1135	1017
1017	1150
1150	1017
1017	1251
1251	1017
1017	1348
1348	1017
1017	1437
1437	1017
1017	1443
1443	1017
1017	1471
1471	1017
1017	1613
1613	1017
1017	1644
1644	1017
1017	1646
1646	1017
1017	1660
1660	1017
1017	1692
1692	1017
1017	1708
1708	1017
1017	1711
1711	1017
1017	1740
1740	1017
1017	1845
1845	1017
1017	1884
1884	1017
1017	1987
1987	1017
1017	2001
2001	1017
1019	1386
1386	1019
1020	1467
1467	1020
1021	1154
1154	1021
1022	1653
1653	1022
1022	1758
1758	1022
1023	1115
1115	1023
1023	1473
1473	1023
1023	1586
1586	1023
1023	1710
1710	1023
1023	1835
1835	1023
1023	1987
1987	1023
1023	2008
2008	1023
1024	1400
1400	1024
1024	1510
1510	1024
1024	1833
1833	1024
1024	1866
1866	1024
1025	1645
1645	1025
1025	1653
1653	1025
1025	1738
1738	1025
1026	2009
2009	1026
1027	1400
1400	1027
1028	1522
1522	1028
1029	1035
1035	1029
1030	1744
1744	1030
1031	1192
1192	1031
1031	1400
1400	1031
1033	1516
1516	1033
1033	1522
1522	1033
1034	1042
1042	1034
1034	1056
1056	1034
1034	1359
1359	1034
1034	1400
1400	1034
1034	1459
1459	1034
1034	1651
1651	1034
1035	1400
1400	1035
1035	1488
1488	1035
1036	1691
1691	1036
1037	1691
1691	1037
1039	1396
1396	1039
1040	1435
1435	1040
1044	1872
1872	1044
1045	1853
1853	1045
1049	1289
1289	1049
1049	1293
1293	1049
1049	1386
1386	1049
1049	1460
1460	1049
1050	1855
1855	1050
1051	1431
1431	1051
1051	1892
1892	1051
1051	1972
1972	1051
1052	1894
1894	1052
1053	1384
1384	1053
1053	1865
1865	1053
1054	1498
1498	1054
1054	1726
1726	1054
1055	1401
1401	1055
1055	1582
1582	1055
1056	1089
1089	1056
1056	1104
1104	1056
1056	1208
1208	1056
1056	1249
1249	1056
1056	1356
1356	1056
1059	1406
1406	1059
1059	1863
1863	1059
1060	1597
1597	1060
1061	1497
1497	1061
1062	1431
1431	1062
1064	1342
1342	1064
1065	1902
1902	1065
1066	1744
1744	1066
1067	1346
1346	1067
1068	1458
1458	1068
1068	1501
1501	1068
1068	1641
1641	1068
1071	1375
1375	1071
1076	1672
1672	1076
1079	1892
1892	1079
1080	1785
1785	1080
1080	1919
1919	1080
1081	1536
1536	1081
1081	1788
1788	1081
1082	1473
1473	1082
1082	1974
1974	1082
1083	1228
1228	1083
1083	1519
1519	1083
1083	1819
1819	1083
1084	1356
1356	1084
1084	1447
1447	1084
1084	1637
1637	1084
1085	1744
1744	1085
1088	1136
1136	1088
1088	1356
1356	1088
1088	1447
1447	1088
1088	1637
1637	1088
1088	1888
1888	1088
1089	1400
1400	1089
1089	1883
1883	1089
1089	2007
2007	1089
1092	1442
1442	1092
1094	1356
1356	1094
1094	1637
1637	1094
1095	1381
1381	1095
1095	1705
1705	1095
1096	1892
1892	1096
1097	1386
1386	1097
1097	1637
1637	1097
1098	1406
1406	1098
1099	1394
1394	1099
1099	1574
1574	1099
1101	1653
1653	1101
1102	1477
1477	1102
1102	1782
1782	1102
1103	1741
1741	1103
1104	1510
1510	1104
1109	1410
1410	1109
1110	1491
1491	1110
1111	1926
1926	1111
1112	1637
1637	1112
1113	1356
1356	1113
1115	1669
1669	1115
1117	1307
1307	1117
1117	1337
1337	1117
1117	1825
1825	1117
1119	1357
1357	1119
1119	1572
1572	1119
1119	1808
1808	1119
1120	1892
1892	1120
1121	1253
1253	1121
1122	1359
1359	1122
1124	1814
1814	1124
1125	1148
1148	1125
1125	1182
1182	1125
1125	1189
1189	1125
1125	1226
1226	1125
1125	1285
1285	1125
1125	1309
1309	1125
1125	1389
1389	1125
1125	1398
1398	1125
1125	1424
1424	1125
1125	1495
1495	1125
1125	1699
1699	1125
1125	1754
1754	1125
1125	1827
1827	1125
1125	1843
1843	1125
1125	1914
1914	1125
1126	1604
1604	1126
1126	1984
1984	1126
1127	1519
1519	1127
1128	1604
1604	1128
1129	1400
1400	1129
1130	1397
1397	1130
1130	1462
1462	1130
1130	1500
1500	1130
1130	1870
1870	1130
1130	1886
1886	1130
1135	1892
1892	1135
1138	1782
1782	1138
1141	1637
1637	1141
1142	1488
1488	1142
1143	1962
1962	1143
1144	1162
1162	1144
1145	1412
1412	1145
1146	1637
1637	1146
1147	1671
1671	1147
1148	1400
1400	1148
1148	1512
1512	1148
1148	1767
1767	1148
1150	1567
1567	1150
1152	1653
1653	1152
1154	1441
1441	1154
1155	1735
1735	1155
1156	1201
1201	1156
1156	1745
1745	1156
1156	1866
1866	1156
1157	1823
1823	1157
1158	1242
1242	1158
1159	1356
1356	1159
1160	1232
1232	1160
1162	1976
1976	1162
1163	1447
1447	1163
1164	1767
1767	1164
1168	1355
1355	1168
1169	1400
1400	1169
1170	1239
1239	1170
1170	1500
1500	1170
1172	1810
1810	1172
1173	1601
1601	1173
1173	1617
1617	1173
1174	1892
1892	1174
1175	1376
1376	1175
1175	1447
1447	1175
1175	1637
1637	1175
1176	1488
1488	1176
1179	1686
1686	1179
1179	1913
1913	1179
1180	1400
1400	1180
1181	1603
1603	1181
1183	1768
1768	1183
1184	1903
1903	1184
1186	1356
1356	1186
1186	1385
1385	1186
1186	1447
1447	1186
1186	1540
1540	1186
1186	1612
1612	1186
1186	1637
1637	1186
1186	1726
1726	1186
1186	1748
1748	1186
1186	1792
1792	1186
1186	1964
1964	1186
1187	1355
1355	1187
1190	1310
1310	1190
1190	1941
1941	1190
1192	1572
1572	1192
1192	1583
1583	1192
1192	1637
1637	1192
1192	1955
1955	1192
1193	1956
1956	1193
1194	1441
1441	1194
1194	1735
1735	1194
1194	1945
1945	1194
1194	1959
1959	1194
1195	1200
1200	1195
1195	1526
1526	1195
1195	1538
1538	1195
1195	1551
1551	1195
1195	1598
1598	1195
1195	1642
1642	1195
1195	1720
1720	1195
1195	1872
1872	1195
1196	1488
1488	1196
1196	1634
1634	1196
1198	1888
1888	1198
1204	1441
1441	1204
1206	1610
1610	1206
1207	1908
1908	1207
1208	1400
1400	1208
1208	1854
1854	1208
1208	1883
1883	1208
1210	1787
1787	1210
1211	1676
1676	1211
1212	1628
1628	1212
1214	1431
1431	1214
1220	1554
1554	1220
1220	1861
1861	1220
1221	1401
1401	1221
1221	1659
1659	1221
1224	1356
1356	1224
1224	1403
1403	1224
1224	1556
1556	1224
1224	1557
1557	1224
1225	1304
1304	1225
1225	1356
1356	1225
1225	1401
1401	1225
1225	1569
1569	1225
1225	1582
1582	1225
1225	1651
1651	1225
1225	1718
1718	1225
1225	1748
1748	1225
1226	1400
1400	1226
1228	1519
1519	1228
1228	1600
1600	1228
1228	1720
1720	1228
1228	1760
1760	1228
1229	1620
1620	1229
1230	1902
1902	1230
1234	1872
1872	1234
1235	1370
1370	1235
1235	1784
1784	1235
1236	1963
1963	1236
1237	1425
1425	1237
1239	1400
1400	1239
1240	1578
1578	1240
1246	1284
1284	1246
1248	1747
1747	1248
1249	1356
1356	1249
1250	1766
1766	1250
1251	1431
1431	1251
1257	1469
1469	1257
1258	1304
1304	1258
1258	1997
1997	1258
1260	1431
1431	1260
1262	1400
1400	1262
1262	1564
1564	1262
1262	1705
1705	1262
1263	1356
1356	1263
1265	1747
1747	1265
1268	1356
1356	1268
1271	1952
1952	1271
1272	1766
1766	1272
1273	1910
1910	1273
1275	1523
1523	1275
1275	1829
1829	1275
1275	2007
2007	1275
1276	1592
1592	1276
1278	1514
1514	1278
1282	1915
1915	1282
1289	1314
1314	1289
1289	1987
1987	1289
1291	1400
1400	1291
1291	1964
1964	1291
1293	1714
1714	1293
1293	1911
1911	1293
1293	1964
1964	1293
1294	1504
1504	1294
1300	1483
1483	1300
1301	1930
1930	1301
1303	1355
1355	1303
1303	1482
1482	1303
1304	1400
1400	1304
1304	1666
1666	1304
1305	1877
1877	1305
1306	1970
1970	1306
1313	1959
1959	1313
1315	1618
1618	1315
1318	2007
2007	1318
1319	1743
1743	1319
1323	1456
1456	1323
1323	1490
1490	1323
1324	1441
1441	1324
1324	1737
1737	1324
1325	1476
1476	1325
1326	1637
1637	1326
1327	1411
1411	1327
1328	1619
1619	1328
1329	1386
1386	1329
1329	1615
1615	1329
1331	1872
1872	1331
1332	1697
1697	1332
1333	1416
1416	1333
1333	1822
1822	1333
1334	1833
1833	1334
1336	1986
1986	1336
1337	1824
1824	1337
1338	1691
1691	1338
1339	1356
1356	1339
1339	1637
1637	1339
1339	1668
1668	1339
1339	1737
1737	1339
1339	1888
1888	1339
1340	1828
1828	1340
1341	1375
1375	1341
1342	1356
1356	1342
1342	1878
1878	1342
1343	1590
1590	1343
1343	1861
1861	1343
1345	1750
1750	1345
1348	1892
1892	1348
1350	1695
1695	1350
1351	2012
2012	1351
1353	1806
1806	1353
1355	1524
1524	1355
1355	1860
1860	1355
1356	1366
1366	1356
1356	1384
1384	1356
1356	1386
1386	1356
1356	1400
1400	1356
1356	1406
1406	1356
1356	1439
1439	1356
1356	1460
1460	1356
1356	1463
1463	1356
1356	1474
1474	1356
1356	1483
1483	1356
1356	1506
1506	1356
1356	1585
1585	1356
1356	1592
1592	1356
1356	1651
1651	1356
1356	1670
1670	1356
1356	1673
1673	1356
1356	1678
1678	1356
1356	1686
1686	1356
1356	1727
1727	1356
1356	1742
1742	1356
1356	1747
1747	1356
1356	1765
1765	1356
1356	1776
1776	1356
1356	1782
1782	1356
1356	1809
1809	1356
1356	1821
1821	1356
1356	1833
1833	1356
1356	1866
1866	1356
1356	1883
1883	1356
1356	1887
1887	1356
1356	1888
1888	1356
1356	1890
1890	1356
1356	1901
1901	1356
1356	1967
1967	1356
1356	1982
1982	1356
1357	1569
1569	1357
1357	1798
1798	1357
1357	1902
1902	1357
1358	1853
1853	1358
1359	1716
1716	1359
1361	1637
1637	1361
1362	1767
1767	1362
1362	1855
1855	1362
1363	1728
1728	1363
1364	1982
1982	1364
1366	1375
1375	1366
1366	1698
1698	1366
1366	1888
1888	1366
1369	1522
1522	1369
1369	1958
1958	1369
1370	1407
1407	1370
1370	1447
1447	1370
1370	1637
1637	1370
1371	1837
1837	1371
1372	1872
1872	1372
1376	1384
1384	1376
1376	1901
1901	1376
1383	1527
1527	1383
1384	1447
1447	1384
1384	1637
1637	1384
1385	1401
1401	1385
1385	1804
1804	1385
1386	1455
1455	1386
1386	1590
1590	1386
1386	1949
1949	1386
1387	1651
1651	1387
1392	1545
1545	1392
1393	1757
1757	1393
1394	1838
1838	1394
1395	1896
1896	1395
1397	1500
1500	1397
1397	1870
1870	1397
1400	1401
1401	1400
1400	1408
1408	1400
1400	1438
1438	1400
1400	1440
1440	1400
1400	1446
1446	1400
1400	1447
1447	1400
1400	1492
1492	1400
1400	1514
1514	1400
1400	1539
1539	1400
1400	1636
1636	1400
1400	1668
1668	1400
1400	1714
1714	1400
1400	1785
1785	1400
1400	1796
1796	1400
1400	1818
1818	1400
1400	1854
1854	1400
1400	1889
1889	1400
1400	1914
1914	1400
1400	1918
1918	1400
1400	1949
1949	1400
1401	1574
1574	1401
1401	1796
1796	1401
1403	1444
1444	1403
1404	1593
1593	1404
1406	1624
1624	1406
1406	1797
1797	1406
1409	1659
1659	1409
1412	1759
1759	1412
1412	1767
1767	1412
1412	1851
1851	1412
1415	1643
1643	1415
1417	1435
1435	1417
1420	1488
1488	1420
1421	1777
1777	1421
1424	1459
1459	1424
1424	1500
1500	1424
1430	1637
1637	1430
1430	1778
1778	1430
1431	1646
1646	1431
1431	1835
1835	1431
1431	1987
1987	1431
1432	1522
1522	1432
1435	1888
1888	1435
1436	1604
1604	1436
1439	1637
1637	1439
1439	1888
1888	1439
1440	1639
1639	1440
1441	1474
1474	1441
1441	1542
1542	1441
1441	1684
1684	1441
1441	1723
1723	1441
1441	1749
1749	1441
1441	1811
1811	1441
1441	1855
1855	1441
1441	1857
1857	1441
1441	1861
1861	1441
1441	1882
1882	1441
1443	1892
1892	1443
1445	1593
1593	1445
1447	1592
1592	1447
1447	1755
1755	1447
1447	1833
1833	1447
1447	1883
1883	1447
1447	1898
1898	1447
1449	1590
1590	1449
1450	1779
1779	1450
1451	1784
1784	1451
1457	1877
1877	1457
1460	1509
1509	1460
1466	1498
1498	1466
1466	1660
1660	1466
1471	1522
1522	1471
1473	1809
1809	1473
1473	2008
2008	1473
1477	1782
1782	1477
1479	1701
1701	1479
1483	1626
1626	1483
1485	1574
1574	1485
1488	1600
1600	1488
1488	1750
1750	1488
1488	1783
1783	1488
1488	1836
1836	1488
1489	1662
1662	1489
1489	1787
1787	1489
1496	1593
1593	1496
1497	1736
1736	1497
1498	1674
1674	1498
1498	1876
1876	1498
1500	1870
1870	1500
1500	1886
1886	1500
1501	1987
1987	1501
1506	1507
1507	1506
1506	1678
1678	1506
1506	1679
1679	1506
1506	1888
1888	1506
1507	1577
1577	1507
1507	1678
1678	1507
1507	1679
1679	1507
1508	1645
1645	1508
1512	1714
1714	1512
1513	1519
1519	1513
1515	1922
1922	1515
1516	1522
1522	1516
1517	1899
1899	1517
1519	1600
1600	1519
1519	1720
1720	1519
1521	1895
1895	1521
1524	1911
1911	1524
1529	1628
1628	1529
1530	1982
1982	1530
1533	1977
1977	1533
1543	1583
1583	1543
1544	1637
1637	1544
1546	1853
1853	1546
1548	1709
1709	1548
1549	1789
1789	1549
1550	1637
1637	1550
1556	1628
1628	1556
1561	1767
1767	1561
1562	1666
1666	1562
1563	1727
1727	1563
1564	1724
1724	1564
1564	1919
1919	1564
1564	1975
1975	1564
1567	1892
1892	1567
1569	1808
1808	1569
1569	1866
1866	1569
1569	1890
1890	1569
1570	1593
1593	1570
1570	1656
1656	1570
1570	1833
1833	1570
1572	1639
1639	1572
1572	1651
1651	1572
1572	1866
1866	1572
1572	1992
1992	1572
1574	1996
1996	1574
1576	1735
1735	1576
1577	1678
1678	1577
1577	1868
1868	1577
1577	1951
1951	1577
1579	1999
1999	1579
1585	1606
1606	1585
1585	1878
1878	1585
1587	1596
1596	1587
1587	1605
1605	1587
1587	1608
1608	1587
1588	1792
1792	1588
1590	1685
1685	1590
1590	1841
1841	1590
1591	1754
1754	1591
1592	1637
1637	1592
1592	1660
1660	1592
1592	1674
1674	1592
1592	1888
1888	1592
1593	1885
1885	1593
1594	2011
2011	1594
1596	1608
1608	1596
1600	1725
1725	1600
1601	1724
1724	1601
1601	1742
1742	1601
1601	1804
1804	1601
1601	2015
2015	1601
1603	1632
1632	1603
1603	1668
1668	1603
1603	1855
1855	1603
1603	1938
1938	1603
1604	1849
1849	1604
1605	1861
1861	1605
1606	1766
1766	1606
1607	1890
1890	1607
1609	1992
1992	1609
1610	1780
1780	1610
1614	1986
1986	1614
1616	1750
1750	1616
1622	1883
1883	1622
1622	1979
1979	1622
1622	1990
1990	1622
1628	1855
1855	1628
1637	1677
1677	1637
1637	1719
1719	1637
1637	1726
1726	1637
1637	1755
1755	1637
1637	1776
1776	1637
1637	1795
1795	1637
1637	1819
1819	1637
1637	1833
1833	1637
1637	1866
1866	1637
1637	1883
1883	1637
1637	1890
1890	1637
1637	1898
1898	1637
1637	1933
1933	1637
1637	1967
1967	1637
1637	2017
2017	1637
1639	1963
1963	1639
1640	1767
1767	1640
1640	1855
1855	1640
1640	1988
1988	1640
1646	1892
1892	1646
1649	1790
1790	1649
1651	1714
1714	1651
1651	1888
1888	1651
1653	1855
1855	1653
1655	1947
1947	1655
1657	1902
1902	1657
1658	1924
1924	1658
1660	1958
1958	1660
1664	1735
1735	1664
1666	1833
1833	1666
1668	1701
1701	1668
1668	1776
1776	1668
1668	1833
1833	1668
1669	1731
1731	1669
1673	1841
1841	1673
1675	1726
1726	1675
1678	1679
1679	1678
1680	1913
1913	1680
1684	1804
1804	1684
1686	1878
1878	1686
1688	1990
1990	1688
1693	1842
1842	1693
1694	1961
1961	1694
1695	1805
1805	1695
1704	1705
1705	1704
1707	1878
1878	1707
1708	1892
1892	1708
1714	1726
1726	1714
1714	1833
1833	1714
1714	1888
1888	1714
1714	1982
1982	1714
1726	1784
1784	1726
1726	1854
1854	1726
1726	1891
1891	1726
1726	1907
1907	1726
1733	2012
2012	1733
1734	1876
1876	1734
1737	1753
1753	1737
1740	1852
1852	1740
1745	1804
1804	1745
1746	1830
1830	1746
1750	1802
1802	1750
1750	1929
1929	1750
1761	1803
1803	1761
1762	1912
1912	1762
1764	1770
1770	1764
1764	1840
1840	1764
1767	1839
1839	1767
1767	1856
1856	1767
1767	1980
1980	1767
1772	1791
1791	1772
1776	1798
1798	1776
1787	1793
1793	1787
1789	1978
1978	1789
1795	1888
1888	1795
1797	2012
2012	1797
1798	1808
1808	1798
1798	1890
1890	1798
1801	1982
1982	1801
1808	1902
1902	1808
1818	1890
1890	1818
1819	1820
1820	1819
1819	1832
1832	1819
1829	2007
2007	1829
1834	2013
2013	1834
1847	1998
1998	1847
1850	1982
1982	1850
1855	1963
1963	1855
1861	2009
2009	1861
1866	1878
1878	1866
1871	1968
1968	1871
1872	1916
1916	1872
1878	1883
1883	1878
1878	1935
1935	1878
1883	1888
1888	1883
1883	1952
1952	1883
1883	1974
1974	1883
1888	1890
1890	1888
1888	2017
2017	1888
1890	1902
1902	1890
1892	1960
1960	1892
1892	2001
2001	1892
1902	2003
2003	1902
1921	1972
1972	1921
1963	1971
1971	1963
1982	2016
2016	1982
